25,02:02:19,2474,0,02:02:22,2084,0
24,03:16:44,4062,0,16:49:14,5383,0
23,05:45:58,6462,0,06:27:10,3752,0
22,02:46:22,3340,0,03:24:55,3070,0
21,00:23:23,2394,0,06:15:33,2865,0
20,01:37:19,2945,0,02:04:28,1617,0
19,01:25:51,5042,0,14:54:49,11366,0
18,01:19:14,4138,0,01:57:43,2496,0
17,13:35:30,11307,0,13:53:05,10283,0
16,01:06:08,3983,0,01:15:17,3592,0
15,00:10:39,3733,0,00:37:48,3126,0
14,00:50:34,6315,0,01:58:44,4793,0
13,00:42:34,3353,0,22:05:13,23511,0
12,13:19:23,22400,0,14:54:11,11663,0
11,00:39:11,5065,0,00:59:31,5144,0
10,01:49:27,7275,0,02:59:20,4090,0
9,00:16:43,3093,0,00:20:31,2693,0
8,00:06:54,1022,0,00:38:09,2564,0
7,00:25:52,1744,0,00:43:15,2074,0
6,00:08:49,2081,0,00:11:37,1654,0
5,00:42:56,5302,0,02:01:15,4413,0
4,00:08:13,2215,0,00:37:54,5915,0
3,00:36:34,4051,0,00:44:43,2908,0
2,00:15:14,2950,0,00:18:57,2548,0
1,00:05:26,2389,0,00:30:04,3218,0