20,00:37:57,1923,0,02:03:17,3062,0
19,00:51:47,4818,0,01:46:32,5349,0
18,00:08:14,513,0,00:13:46,609,0
17,01:05:46,4832,0,03:27:58,2986,0
16,00:14:09,784,0,02:02:19,3413,0
15,00:15:27,493,0,01:18:27,1727,0
14,00:36:16,4192,0,01:20:10,3897,0
13,00:23:25,2434,0,04:05:46,9445,0
12,00:20:21,2118,0,01:50:42,3963,0
11,00:12:39,3249,0,01:24:47,6223,0
10,00:31:17,4910,0,00:59:25,6994,0
9,00:19:35,1901,0,01:00:23,2563,0
8,00:59:47,7273,0,01:12:18,6651,0
7,00:27:37,4991,0,00:43:38,5278,0
6,00:11:18,1444,0,00:27:36,1377,0
5,00:11:39,1750,0,00:19:39,1492,0
4,00:13:43,2542,0,00:24:55,2538,0
3,00:06:37,2378,0,00:11:05,1311,0
2,00:15:53,5388,0,00:20:20,2876,0
1,00:04:12,1472,0,00:06:16,1272,0